20
112 73
1 5 3 64100
977365070 59489
8 5 9 999966210
186 75
68 16 539 186
78 51
3 5 5 51230
1000000000 100000
100000 1 0 1000000000
840698758 13331
8 7 10 999955808
98 59
6 30 524 98
110 53
7 7 1 64417
73 26
5 8 4 54214
198 81
8 5 7 83495
82 81
58 56 739 82
640834505 28785
3 9 1 999946125
232959116 56689
4 9 1 999903057
46 18
7 11 9 46
22 21
1 4 869 22
137 49
48 17 461 137
1000000000 100000
999999999 1 999999999 1000000000
1000000000 1
12 7 74 12
693840425 90561
2 6 7 999957328
249718282 93729
1 5 6 999917908
